              pedestrian         car             van            truck            bus            motor     
precision : 0.25460123 0.34426230  0.24137931  0.20000000  0.00000000  0.07377049 
recall      : 1.22058824 0.14788732  0.04117647  0.40000000  0.00000000  1.28571429 
AP         : 0.56563117 0.12173048  0.02013575  0.20000000  0.00000000  0.17164587 
F1        : 0.42131980 0.20689655  0.07035176  0.26666667  0.00000000  0.13953488 
