              pedestrian         car             van            truck            bus            motor     
precision : 0.22977346 0.21978022  0.20000000  0.15384615  0.00000000  0.13392857 
recall      : 1.31481481 0.14492754  0.02739726  0.40000000  0.00000000  2.14285714 
AP         : 0.60422454 0.12642763  0.02054795  0.15714286  0.00000000  0.46772972 
F1        : 0.39118457 0.17467249  0.04819277  0.22222222  0.00000000  0.25210084 
