              pedestrian         car             van            truck            bus            motor     
precision : 0.29600000 0.31521739  0.23076923  0.07407407  0.00000000  0.08074534 
recall      : 1.04225352 0.19333333  0.01685393  0.40000000  0.00000000  1.85714286 
AP         : 0.57754384 0.15233661  0.01404494  0.10000000  0.00000000  0.42166625 
F1 score   : 0.46105919 0.23966942  0.03141361  0.12500000  0.00000000  0.15476190 

mAP : 0.21093194