iky2_psnr: 22.043802869671225
iky3_psnr: 15.770438736879374
iky4_psnr: 12.842095813357844
iky5_psnr: 11.006905476950353
