iky2_ssim: 0.6940149539613225
iky3_ssim: 0.6717439941308667
iky4_ssim: 0.429303817569971
iky5_ssim: 0.14134637319314855
