psnr_mean: 10.264956144633475
ssim_mean: 0.3464799135923386
mse_mean: 0.86511916
