psnr_mean: 15.415810724214698
ssim_mean: 0.4841022847138272
