psnr_mean: 23.956185213709226
ssim_mean: 0.7218423819392649
mse_mean: 0.0040339113643892335
